1 1869.4559
2 1810.9696
3 1920.0445
4 1913.2438
5 1771.9414
6 1695.4493
7 1679.8694
8 1645.8866
9 1651.9857
10 1650.6830
11 1650.5284
12 1650.5111
13 1650.5287
14 1650.5336
15 1650.5339
16 1650.5341
17 1650.5341
18 1650.5341
19 1650.5341
20 1650.5341
21 1650.5341
22 1650.5341
23 1650.5341
24 1650.5341
25 1650.5341
26 1650.5341
27 1639.7210
28 1630.2215
29 1625.2294
30 1624.6529
31 1612.1842
32 1612.1349
33 1612.1626
34 1613.7708
35 1610.3009
36 1604.9954
37 1605.0174
38 1605.0152
39 1605.0156
40 1605.0153
41 1605.0153
42 1605.0153
43 1605.0153
44 1605.0153
45 1605.0153
46 1615.9096
47 1609.1693
48 1602.7816
49 1602.2846
50 1600.2565
