0.5341 1.2207
54.5335 91.7264
49.0829 39.3048
24.4636 23.3283
48.2467 5.3987
98.9074 91.4029
41.1115 21.6651
7.1291 70.8792
64.6626 41.8470
43.7971 60.0482
27.1828 81.5760
90.5972 78.1487
28.0465 21.4850
19.3365 18.5888
10.5136 11.3376
92.1110 10.9775
88.1619 53.2395
24.1279 95.0560
35.5510 92.0804
24.9245 59.6789
83.8313 91.3205
83.4468 49.9527
11.7801 22.2755
12.7598 95.6725
73.0461 44.9721
19.9347 64.1591
50.0778 8.7588
16.7455 90.6461
75.5181 50.7523
36.8267 89.3246
11.5238 20.2490
74.8863 98.1811
27.7779 7.2817
13.6265 60.7471
68.7307 3.3479
53.9933 97.8912
50.7370 72.5333
14.3345 72.7714
79.6808 61.0767
14.1667 2.0722
29.7678 23.5694
8.1271 16.6753
74.0440 93.8688
85.7295 24.8421
7.3000 78.8385
2.5819 81.0785
52.0096 3.1037
58.6779 13.7761
87.8719 82.9066
89.3643 14.7954
95.6206 57.1245
84.6492 44.0474
55.7268 53.7492
2.4384 52.2660
92.5901 19.7302
91.3633 75.0664
4.8830 92.5138
88.7722 1.4161
72.6371 41.2214
9.5767 69.6341
81.7225 55.7665
91.5311 94.0733
56.3189 11.8839
12.5523 75.5699
40.0464 90.2890
45.7930 98.8342
16.3396 78.0419
67.9861 69.8508
8.6886 30.3049
86.7458 96.4690
51.4115 20.5329
2.4689 65.2608
71.5567 57.2863
70.3848 17.8106
72.5455 95.7640
78.4600 79.5343
60.2283 22.1900
6.7232 44.1481
1.9074 39.1888
83.7062 66.9759
59.0381 30.2347
5.5025 70.1071
84.1395 31.3547
33.2255 12.6286
22.6356 88.1680
34.3699 29.0384
10.1718 26.3985
83.7458 88.8943
6.0762 14.0172
89.6176 80.9320
53.5783 43.0677
60.6525 74.6818
7.3977 9.3814
79.3451 62.7827
19.3793 18.2470
97.4548 37.0495
22.6966 94.1832
19.1961 1.4893
5.3865 22.9499
87.7255 75.3410
